/*--------------------------------*- C++ -*----------------------------------*\
  =========                 |
  \\      /  F ield         | OpenFOAM: The Open Source CFD Toolbox
   \\    /   O peration     | Website:  https://openfoam.org
    \\  /    A nd           | Version:  13
     \\/     M anipulation  |
\*---------------------------------------------------------------------------*/
FoamFile
{
    format      ascii;
    class       volVectorField;
    location    "0";
    object      wallShearStress;
}
// * * * * * * * * * * * * * * * * * * * * * * * * * * * * * * * * * * * * * //

dimensions      [1 -1 -2 0 0 0 0];

internalField   uniform (0 0 0);

boundaryField
{
    aerofoil
    {
        type            calculated;
        value           nonuniform List<vector> 
560
(
(-2.4443823 2.0360345e-22 -0.5758083)
(-2.4555117 8.4378634e-22 -0.58054615)
(-2.4664488 0 -0.58527359)
(-2.4771896 0 -0.58999534)
(-2.4877379 -1.8748344e-21 -0.59470023)
(-2.4980954 0 -0.59938322)
(-2.5082629 0 -0.60404242)
(-2.5182198 0 -0.60871188)
(-2.5279933 4.3020627e-21 -0.61334354)
(-2.5375619 0 -0.61797233)
(-2.5469437 4.60302e-21 -0.62256969)
(-2.5561193 0 -0.62716427)
(-2.5651111 0 -0.63172457)
(-2.5739035 0 -0.63627279)
(-2.5825013 0 -0.64080294)
(-2.5908958 0 -0.6453255)
(-2.5991237 1.1227994e-20 -0.64979986)
(-2.6071453 0 -0.6542727)
(-2.6149647 0 -0.65873853)
(-2.6226356 0 -0.66314593)
(-2.6300949 0 -0.66755941)
(-2.6373675 0 -0.67195537)
(-2.6444548 -1.3613918e-20 -0.67633404)
(-2.6513728 0 -0.68068414)
(-2.6581269 -1.4498213e-20 -0.68500487)
(-2.6646982 1.4958721e-20 -0.68931324)
(-2.6710881 0 -0.69360951)
(-2.6772895 1.5920258e-20 -0.69789959)
(-2.6833692 0 -0.70214123)
(-2.6892725 0 -0.70637404)
(-2.6949812 0 -0.71060949)
(-2.7006034 0 -0.71478714)
(-2.7059899 1.8556321e-20 -0.71899355)
(-2.7112463 0 -0.72317129)
(-2.7163983 0 -0.72731205)
(-2.7213723 0 -0.7314544)
(-2.7262156 -2.0934446e-20 -0.73557761)
(-2.7308738 2.1572383e-20 -0.73970664)
(-2.7354626 -2.2223989e-20 -0.74379536)
(-2.7398781 0 -0.74788805)
(-2.7442174 0 -0.75195011)
(-2.7483116 0 -0.75604176)
(-2.7523883 -2.5021289e-20 -0.76008712)
(-2.7563242 0 -0.76412964)
(-2.7601934 -2.6533825e-20 -0.76814915)
(-2.7637735 0 -0.77220628)
(-2.7673924 2.8138294e-20 -0.77621481)
(-2.7708362 0 -0.78023082)
(-2.7741933 0 -0.78423362)
(-2.7774823 0 -0.78822135)
(-2.7805455 -3.161877e-20 -0.79222348)
(-2.7836198 0 -0.79619704)
(-2.7864984 0 -0.80017695)
(-2.789339 0 -0.80413842)
(-2.7920164 -3.550452e-20 -0.80809819)
(-2.7946256 0 -0.81204335)
(-2.7971108 0 -0.8159792)
(-2.7994224 0 -0.81990721)
(-2.8016629 3.9852308e-20 -0.82381688)
(-2.8037953 0 -0.82770957)
(-2.8057958 0 -0.83158394)
(-2.807577 4.3451072e-20 -0.83543852)
(-2.8093462 -4.4717387e-20 -0.83926471)
(-2.8108979 4.6022275e-20 -0.84306254)
(-2.8122039 -4.7367255e-20 -0.84682449)
(-2.8134584 -4.8746452e-20 -0.85054785)
(-2.8144174 0 -0.85422151)
(-2.8152454 0 -0.8578437)
(-2.8157756 0 -0.86139929)
(-2.816159 -5.4674211e-20 -0.86488913)
(-2.8160788 5.6265476e-20 -0.86828045)
(-2.8159523 0 -0.87159773)
(-2.8152948 0 -0.87478592)
(-2.8143737 0 -0.87785856)
(-2.8129842 0 -0.88077922)
(-2.8111537 0 -0.88353542)
(-2.808797 0 -0.88609872)
(-2.8061073 0 -0.88848287)
(-2.8024653 -3.5299503e-20 -0.89056798)
(-2.798471 0 -0.89243431)
(-2.7935037 0 -0.89394832)
(-2.7878224 3.8361468e-20 -0.89513269)
(-2.7811428 3.9424356e-20 -0.89590347)
(-2.7735792 0 -0.89625655)
(-2.7646263 4.1603643e-20 -0.89604542)
(-2.754535 0 -0.89529235)
(-2.7433252 0 -0.8939717)
(-2.7300759 0 -0.89180577)
(-2.7155169 0 -0.88894503)
(-2.6986847 -4.7241771e-20 -0.88507961)
(-2.6799032 0 -0.88025198)
(-2.6587346 4.9479834e-20 -0.87428489)
(-2.6348315 0 -0.86701817)
(-2.6082996 0 -0.85843468)
(-2.5781091 -5.2622684e-20 -0.84814307)
(-2.5445768 0 -0.83619492)
(-2.5071548 -5.4429452e-20 -0.82235615)
(-2.4649279 0 -0.80625411)
(-2.4179483 -5.5835405e-20 -0.78786735)
(-2.3655196 0 -0.76691485)
(-2.3708462 -5.8200515e-20 -0.76374019)
(-2.3794787 6.0215079e-20 -0.76040071)
(-2.387891 6.2271996e-20 -0.7556087)
(-2.3960769 6.4357824e-20 -0.74918552)
(-2.4039297 0 -0.74083624)
(-2.4116085 0 -0.73050708)
(-2.4191223 0 -0.71801383)
(-2.4262935 -7.2988283e-20 -0.70291691)
(-2.4334203 -7.516898e-20 -0.68541961)
(-2.4403162 0 -0.66507501)
(-2.4471828 0 -0.6421374)
(-2.453829 -4.0733484e-20 -0.61618868)
(-2.4604889 0 -0.58783705)
(-2.4670158 0 -0.55702129)
(-2.4733663 0 -0.52399987)
(-2.4796056 0 -0.48962525)
(-2.4855566 0 -0.45408701)
(-2.4912007 0 -0.41822438)
(-2.4964506 0 -0.38267181)
(-2.501247 0 -0.34815775)
(-2.4231329 7.1763525e-21 -0.45299611)
(-2.4234764 0 -0.45374115)
(-2.4238288 0 -0.45446897)
(-2.424187 3.2705973e-21 -0.45518376)
(-2.4245311 -3.350192e-21 -0.4559142)
(-2.4249046 0 -0.45659783)
(-2.4252547 -3.5009995e-21 -0.45731066)
(-2.4256039 0 -0.45802001)
(-2.4259709 0 -0.45869915)
(-2.4263222 0 -0.45939648)
(-2.4266823 0 -0.46007647)
(-2.4270375 3.8735937e-21 -0.46075909)
(-2.4274009 0 -0.46142526)
(-2.4277511 0 -0.46210609)
(-2.4281168 0 -0.46275983)
(-2.4284632 0 -0.46343733)
(-2.4288229 0 -0.46409076)
(-2.4291783 4.3029094e-21 -0.46474607)
(-2.4295498 0 -0.46537314)
(-2.4298859 0 -0.46604822)
(-2.4302453 0 -0.46668429)
(-2.4306067 -4.5783521e-21 -0.4673127)
(-2.4309689 0 -0.46793569)
(-2.4313213 0 -0.46856911)
(-2.4316669 0 -0.469208)
(-2.4320095 0 -0.46984708)
(-2.4323752 0 -0.47044684)
(-2.4327297 -4.979814e-21 -0.47105926)
(-2.4330688 -5.047862e-21 -0.47169046)
(-2.4334275 0 -0.47228755)
(-2.4337726 5.1772675e-21 -0.47290101)
(-2.4341122 0 -0.47351836)
(-2.4344676 -5.3063666e-21 -0.47410723)
(-2.4348079 5.3716048e-21 -0.47471477)
(-2.4351482 0 -0.47531792)
(-2.4354989 0 -0.47590069)
(-2.4358405 0 -0.47649322)
(-2.4361722 0 -0.47709655)
(-2.4365158 5.688765e-21 -0.47767697)
(-2.4368561 0 -0.47825822)
(-2.4371753 -5.8168986e-21 -0.47886792)
(-2.4375206 0 -0.47943246)
(-2.4378418 -5.9414796e-21 -0.48003009)
(-2.4381732 -6.0033794e-21 -0.48060747)
(-2.4385086 6.063919e-21 -0.48117411)
(-2.4388263 0 -0.48176413)
(-2.4391448 0 -0.48234831)
(-2.4394718 -6.251333e-21 -0.4829147)
(-2.4397984 0 -0.48347732)
(-2.4401069 0 -0.48406409)
(-2.4404134 -6.4385788e-21 -0.4846495)
(-2.440728 0 -0.48521752)
(-2.4410385 0 -0.48578757)
(-2.4413523 0 -0.48634777)
(-2.4416497 0 -0.48692968)
(-2.4419462 0 -0.48750845)
(-2.4422474 0 -0.48807504)
(-2.4425473 0 -0.48863915)
(-2.4428252 -6.9353483e-21 -0.489234)
(-2.4431305 0 -0.48977978)
(-2.4434054 -7.0589492e-21 -0.4903705)
(-2.4436924 7.1205591e-21 -0.49093652)
(-2.4439674 7.1842093e-21 -0.49151741)
(-2.4442509 0 -0.49207971)
(-2.4445096 -7.3115299e-21 -0.49267777)
(-2.4447816 0 -0.49324893)
(-2.4450468 0 -0.49382659)
(-2.4453175 0 -0.49439032)
(-2.4455682 0 -0.49498209)
(-2.4458183 -3.8149652e-21 -0.49556994)
(-2.4460691 3.8471149e-21 -0.4961514)
(-2.4463208 0 -0.4967265)
(-2.4465538 3.9124066e-21 -0.49732764)
(-2.4467947 0 -0.49791053)
(-2.4470276 0 -0.49850143)
(-2.4472599 0 -0.49908821)
(-2.4474724 0 -0.49970314)
(-2.4476946 0 -0.50029622)
(-2.4479156 0 -0.50088604)
(-2.448119 0 -0.50150026)
(-2.4483234 4.1800367e-21 -0.50210721)
(-2.4485189 4.2149397e-21 -0.50272386)
(-2.4487197 0 -0.50332582)
(-2.4489075 4.2840357e-21 -0.50394462)
(-2.4490871 4.3197456e-21 -0.50457162)
(-2.4492653 0 -0.5051952)
(-2.44944 4.3908563e-21 -0.50581903)
(-2.4496139 0 -0.50643851)
(-2.4497682 0 -0.50708593)
(-2.4499224 -4.5003158e-21 -0.50772752)
(-2.4500781 4.5366746e-21 -0.50836042)
(-2.4502155 -4.5747931e-21 -0.50901925)
(-2.4503518 0 -0.5096736)
(-2.4504856 -4.6504592e-21 -0.51032619)
(-2.4506151 0 -0.51097988)
(-2.4507306 0 -0.51165206)
(-2.450839 0 -0.51233014)
(-2.4509499 -4.8061421e-21 -0.51299738)
(-2.4510544 0 -0.5136693)
(-2.4511325 -4.8874881e-21 -0.51438157)
(-2.4512203 -4.9279622e-21 -0.5150695)
(-2.4513053 0 -0.51575573)
(-2.4513692 5.0108835e-21 -0.51647291)
(-2.4514307 -5.0532686e-21 -0.5171874)
(-2.4514878 5.0957508e-21 -0.51790256)
(-2.451541 -5.1382762e-21 -0.51861755)
(-2.4515812 0 -0.51934905)
(-2.4516097 0 -0.5200943)
(-2.4516345 -5.2712298e-21 -0.52083883)
(-2.4516535 -5.3161367e-21 -0.52158645)
(-2.4516584 5.3623131e-21 -0.52235238)
(-2.4516656 5.4077416e-21 -0.5231061)
(-2.4516503 -5.4554816e-21 -0.52389388)
(-2.4516491 0 -0.52464705)
(-2.4516058 0 -0.52547132)
(-2.4515751 0 -0.52626317)
(-2.4515389 0 -0.52705707)
(-2.4514796 0 -0.52788615)
(-2.4514264 0 -0.52869495)
(-2.4513492 0 -0.52954103)
(-2.4512709 0 -0.53038016)
(-2.4511886 0 -0.53121809)
(-2.4510874 0 -0.53208329)
(-2.4509768 0 -0.53295759)
(-2.450855 0 -0.53384426)
(-2.4507308 -6.1211564e-21 -0.53472592)
(-2.4505956 0 -0.53561965)
(-2.4504426 0 -0.53653883)
(-2.4502849 0 -0.53745716)
(-2.4501098 0 -0.53840024)
(-2.4499362 3.204729e-21 -0.53932994)
(-2.44974 0 -0.5402949)
(-2.4495382 0 -0.54126059)
(-2.4493278 0 -0.54223286)
(-2.4490994 0 -0.54323104)
(-2.4488693 -3.359469e-21 -0.54422178)
(-2.4486135 0 -0.5452545)
(-2.4483611 3.424673e-21 -0.54626866)
(-2.4480834 3.4584114e-21 -0.54732419)
(-2.4477997 0 -0.54838057)
(-2.4475089 3.526199e-21 -0.54944)
(-2.4471984 0 -0.55052944)
(-2.4468842 -3.5961429e-21 -0.55161453)
(-2.4465438 0 -0.5527435)
(-2.4461984 0 -0.55387057)
(-2.445845 0 -0.55500237)
(-2.4454697 0 -0.55616936)
(-2.4450888 0 -0.5573353)
(-2.4446888 0 -0.55853046)
(-2.4442783 0 -0.55973562)
(-2.4438507 0 -0.56096547)
(-2.4434165 -1.9701085e-21 -0.56219618)
(-2.4429608 0 -0.5634622)
(-2.4424929 0 -0.56474195)
(-2.4420112 0 -0.56603902)
(-2.4415148 0 -0.56735563)
(-2.4410059 0 -0.56868673)
(-2.4404805 0 -0.570042)
(-2.4399436 0 -0.57140928)
(-2.4393825 0 -0.57281974)
(-2.3407951 9.9132543e-20 -0.64864278)
(-2.3416049 0 -0.64837497)
(-2.3424098 0 -0.64811842)
(-2.3432103 2.9275875e-20 -0.64786988)
(-2.3440098 -2.9217802e-20 -0.64760677)
(-2.3448008 0 -0.64737849)
(-2.3455926 -2.9108508e-20 -0.64712498)
(-2.3463811 0 -0.64687204)
(-2.3471631 0 -0.64664094)
(-2.3479446 0 -0.64639331)
(-2.3487212 0 -0.64615738)
(-2.3494954 2.8837272e-20 -0.64591729)
(-2.3502648 0 -0.64568831)
(-2.3510334 0 -0.64544556)
(-2.3517957 0 -0.6452225)
(-2.3525586 0 -0.64497841)
(-2.3533155 0 -0.6447516)
(-2.3540701 2.852386e-20 -0.64452133)
(-2.3548183 0 -0.64431187)
(-2.3555703 0 -0.64406182)
(-2.3563144 0 -0.64384124)
(-2.3570549 -2.8322366e-20 -0.64362498)
(-2.3577921 0 -0.64341126)
(-2.3585283 0 -0.64318726)
(-2.3592626 0 -0.64295692)
(-2.3599944 0 -0.64272452)
(-2.360718 0 -0.64252221)
(-2.361441 -2.8027635e-20 -0.64230785)
(-2.3621642 -2.7977219e-20 -0.64207638)
(-2.3628798 0 -0.64187086)
(-2.3635955 2.788197e-20 -0.64165025)
(-2.3643092 0 -0.64142462)
(-2.3650162 -2.7786658e-20 -0.64122052)
(-2.3657236 2.7738276e-20 -0.64099937)
(-2.3664278 0 -0.64078004)
(-2.3671265 0 -0.64057566)
(-2.3678243 0 -0.64036159)
(-2.3685213 0 -0.64013687)
(-2.3692123 2.7503063e-20 -0.63992926)
(-2.369901 0 -0.63971926)
(-2.3705918 -2.7407301e-20 -0.63948404)
(-2.371273 0 -0.63928437)
(-2.3719571 -2.7314345e-20 -0.63905564)
(-2.3726354 -2.7268094e-20 -0.63884192)
(-2.3733097 2.7222966e-20 -0.63863542)
(-2.3739854 0 -0.63840784)
(-2.3746577 0 -0.63818335)
(-2.3753247 -2.7082001e-20 -0.63797194)
(-2.3759886 0 -0.63776199)
(-2.3766542 0 -0.63753023)
(-2.3773172 -2.6940479e-20 -0.63729784)
(-2.3779748 0 -0.63707824)
(-2.3786303 0 -0.63685526)
(-2.3792818 0 -0.63663882)
(-2.3799346 0 -0.63640248)
(-2.3805844 0 -0.63616702)
(-2.3812297 0 -0.63594004)
(-2.3818721 0 -0.63571346)
(-2.3825176 -2.6561898e-20 -0.63545925)
(-2.3831518 0 -0.63524459)
(-2.3837917 -2.6466994e-20 -0.63499035)
(-2.3844247 2.6419593e-20 -0.63475516)
(-2.385058 2.6370292e-20 -0.63450564)
(-2.3856854 0 -0.63427009)
(-2.3863168 -2.6271426e-20 -0.63400246)
(-2.3869408 0 -0.63375578)
(-2.3875636 0 -0.6335018)
(-2.3881812 0 -0.63325787)
(-2.3888017 0 -0.6329883)
(-2.3894188 -1.3011366e-20 -0.63272019)
(-2.3900322 1.2986094e-20 -0.63245564)
(-2.3906419 0 -0.63219469)
(-2.391254 1.2934531e-20 -0.63190963)
(-2.39186 0 -0.63163824)
(-2.392465 0 -0.6313581)
(-2.3930667 0 -0.63107958)
(-2.3936712 0 -0.63077496)
(-2.3942688 0 -0.63048709)
(-2.3948631 0 -0.63020008)
(-2.3954596 0 -0.62989009)
(-2.396052 1.2720689e-20 -0.62958432)
(-2.3966437 1.2692443e-20 -0.62926809)
(-2.3972297 0 -0.62896251)
(-2.3978164 1.263645e-20 -0.62864031)
(-2.3984021 1.2607327e-20 -0.62830887)
(-2.3989842 0 -0.62797823)
(-2.3995637 1.2549212e-20 -0.62764523)
(-2.4001395 0 -0.62731386)
(-2.4007184 0 -0.62695597)
(-2.4012931 -1.2459117e-20 -0.62660086)
(-2.4018631 1.2429097e-20 -0.62625108)
(-2.4024359 -1.2397419e-20 -0.62587636)
(-2.4030048 0 -0.62550319)
(-2.4035704 -1.2334417e-20 -0.62512919)
(-2.4041332 0 -0.62475187)
(-2.4046972 0 -0.6243559)
(-2.4052596 0 -0.62395224)
(-2.4058164 -1.2203752e-20 -0.62355562)
(-2.4063713 0 -0.62315239)
(-2.4069324 -1.2134847e-20 -0.62271096)
(-2.4074847 -1.2100484e-20 -0.62228834)
(-2.4080335 0 -0.62186462)
(-2.4085864 1.2029752e-20 -0.62141079)
(-2.4091355 -1.1993436e-20 -0.62095656)
(-2.4096816 1.1956963e-20 -0.62049895)
(-2.4102244 -1.1920383e-20 -0.62003867)
(-2.410768 0 -0.61956083)
(-2.4113115 0 -0.61906777)
(-2.4118517 -1.1805248e-20 -0.61857235)
(-2.4123892 -1.1766178e-20 -0.61807114)
(-2.4129279 1.1725855e-20 -0.61755044)
(-2.4134603 1.168615e-20 -0.61703755)
(-2.4139978 -1.1644218e-20 -0.61649087)
(-2.4145231 0 -0.61597211)
(-2.4150631 0 -0.61538595)
(-2.4155912 0 -0.61482558)
(-2.4161164 0 -0.61425996)
(-2.4166473 0 -0.61365898)
(-2.4171692 0 -0.61307282)
(-2.4176975 0 -0.61244914)
(-2.4182203 0 -0.61182804)
(-2.4187392 0 -0.61120429)
(-2.4192619 0 -0.6105518)
(-2.4197835 0 -0.60988703)
(-2.4203047 0 -0.60920685)
(-2.4208208 -1.1048937e-20 -0.60852718)
(-2.4213366 0 -0.60783225)
(-2.4218559 0 -0.60710961)
(-2.4223712 0 -0.60638337)
(-2.4228898 0 -0.60562975)
(-2.4234008 5.3925167e-21 -0.604884)
(-2.4239183 0 -0.60410087)
(-2.4244322 0 -0.60331227)
(-2.4249443 0 -0.60251271)
(-2.4254603 0 -0.60168397)
(-2.4259703 -5.2489819e-21 -0.60085715)
(-2.4264893 0 -0.59998576)
(-2.4269987 5.1879359e-21 -0.59912648)
(-2.4275172 5.1562134e-21 -0.59822281)
(-2.4280322 0 -0.59731272)
(-2.4285442 5.0922431e-21 -0.5963941)
(-2.4290621 0 -0.5954412)
(-2.4295748 -5.0258803e-21 -0.59448653)
(-2.4300982 0 -0.5934839)
(-2.4306171 0 -0.59247677)
(-2.4311338 0 -0.59145877)
(-2.4316587 0 -0.59040042)
(-2.4321795 0 -0.58933634)
(-2.4327068 0 -0.5882372)
(-2.433234 0 -0.58712131)
(-2.4337663 0 -0.58597419)
(-2.4342954 -2.347179e-21 -0.5848188)
(-2.4348338 0 -0.58362138)
(-2.4353738 0 -0.58240262)
(-2.4359169 0 -0.58115881)
(-2.436464 0 -0.57988749)
(-2.4370134 0 -0.57859338)
(-2.437569 0 -0.57726662)
(-2.4381263 0 -0.57591898)
(-2.4386977 0 -0.57451908)
(-2.4450319 2.0109259e-22 -0.57419643)
(-2.4577268 8.0898559e-22 -0.57504935)
(-2.4702606 0 -0.57581514)
(-2.4826339 0 -0.57648747)
(-2.4948418 -1.6407329e-21 -0.57707683)
(-2.5068825 0 -0.57758788)
(-2.5187553 0 -0.57802219)
(-2.5304696 0 -0.57834059)
(-2.5420119 3.3179024e-21 -0.57859631)
(-2.5533913 0 -0.57874871)
(-2.5646016 3.3238002e-21 -0.57883049)
(-2.5756491 0 -0.5788069)
(-2.5865286 0 -0.57871567)
(-2.5972449 0 -0.57852926)
(-2.6077979 0 -0.57825456)
(-2.6181893 0 -0.57787727)
(-2.6284177 6.5673542e-21 -0.57745119)
(-2.638488 0 -0.57691418)
(-2.6484003 0 -0.5762723)
(-2.6581575 0 -0.57559854)
(-2.6677607 0 -0.57480174)
(-2.6772122 0 -0.57391503)
(-2.686514 -6.2748491e-21 -0.57293806)
(-2.6956707 0 -0.57188872)
(-2.7046862 -6.1223477e-21 -0.57076986)
(-2.7135607 6.0340279e-21 -0.56955497)
(-2.7222964 0 -0.56824341)
(-2.7308937 5.8289543e-21 -0.56682461)
(-2.739371 0 -0.56537325)
(-2.7477192 0 -0.5638217)
(-2.7559355 0 -0.5621478)
(-2.7640535 0 -0.56046696)
(-2.7720328 5.1575134e-21 -0.55861366)
(-2.7799074 0 -0.55669938)
(-2.7876908 0 -0.55474544)
(-2.7953616 0 -0.55267253)
(-2.8029393 -4.4236611e-21 -0.55052554)
(-2.8104065 4.2057116e-21 -0.54824799)
(-2.8178117 -3.9789479e-21 -0.54594894)
(-2.8251174 0 -0.54352462)
(-2.8323674 0 -0.54106287)
(-2.8394927 0 -0.53840543)
(-2.8465954 -2.9141237e-21 -0.53575679)
(-2.8536258 0 -0.53300104)
(-2.8606221 -2.2890592e-21 -0.53019977)
(-2.8674817 0 -0.52715966)
(-2.8743649 1.5807359e-21 -0.52415777)
(-2.8811726 0 -0.52100984)
(-2.8879518 0 -0.51778683)
(-2.8947166 0 -0.51449973)
(-2.9013886 7.7791743e-23 -0.51102168)
(-2.9080957 0 -0.50753641)
(-2.9147319 0 -0.50388102)
(-2.9213863 0 -0.50017407)
(-2.9279942 2.1183327e-21 -0.49631942)
(-2.9346121 0 -0.49238575)
(-2.941213 0 -0.48833072)
(-2.9477714 0 -0.48411899)
(-2.9543505 -4.6260521e-21 -0.47982193)
(-2.9609334 0 -0.4754124)
(-2.9675099 0 -0.47087378)
(-2.9740307 -6.8711414e-21 -0.46614946)
(-2.980626 7.6931045e-21 -0.46137564)
(-2.9871744 -8.561712e-21 -0.45641955)
(-2.9936611 9.4801643e-21 -0.45126745)
(-3.0002119 1.0437676e-20 -0.44604221)
(-3.0066771 0 -0.4405967)
(-3.0131649 0 -0.43503442)
(-3.0195726 0 -0.42926104)
(-3.0260017 1.4802066e-20 -0.42336928)
(-3.0322496 -1.6045e-20 -0.41718635)
(-3.0385939 0 -0.4109524)
(-3.044719 0 -0.40440954)
(-3.0508056 0 -0.39771333)
(-3.056721 0 -0.39076712)
(-3.0624869 0 -0.3835995)
(-3.068049 0 -0.37618347)
(-3.0735433 0 -0.36862899)
(-3.078549 1.4259161e-20 -0.3606592)
(-3.0834819 0 -0.35258006)
(-3.0879167 0 -0.34413021)
(-3.0920356 -1.7317758e-20 -0.33545681)
(-3.0956433 -1.8444291e-20 -0.32646797)
(-3.0988227 0 -0.31724812)
(-3.1012205 -2.0867657e-20 -0.30763298)
(-3.1030149 0 -0.29777273)
(-3.1042228 0 -0.28772049)
(-3.1041903 0 -0.27719585)
(-3.1034373 0 -0.26653098)
(-3.101275 2.8019766e-20 -0.25546634)
(-3.0979331 0 -0.24419934)
(-3.0930946 -3.1353141e-20 -0.23268349)
(-3.0865044 0 -0.22092459)
(-3.0782327 0 -0.20907055)
(-3.0675231 3.686552e-20 -0.19698048)
(-3.0545832 0 -0.18489527)
(-3.0390027 4.0841456e-20 -0.17284223)
(-3.0200984 0 -0.16081106)
(-2.9978826 4.5011047e-20 -0.14902646)
(-2.9718113 0 -0.13758331)
(-2.9416646 4.9254513e-20 -0.12668391)
(-2.9065373 -5.1363591e-20 -0.11642199)
(-2.8661109 -5.3421808e-20 -0.1070427)
(-2.8197543 -5.5387466e-20 -0.098752588)
(-2.7662261 0 -0.091721264)
(-2.7054974 0 -0.086247438)
(-2.6368136 0 -0.08251425)
(-2.5581244 6.1487777e-20 -0.080646974)
(-2.470289 6.2268797e-20 -0.080787396)
(-2.3709402 0 -0.08291157)
(-2.3498325 0 -0.090272506)
(-2.3631405 3.4005887e-20 -0.10208855)
(-2.3774757 0 -0.11724751)
(-2.3927442 0 -0.13598616)
(-2.4088707 0 -0.15838336)
(-2.4257047 0 -0.18406884)
(-2.4430251 0 -0.21298185)
(-2.4605623 0 -0.24453983)
(-2.4780187 0 -0.27818408)
(-2.4950746 0 -0.31316741)
)
;
    }
    inlet
    {
        type            calculated;
        value           uniform (0 0 0);
    }
    outlet
    {
        type            calculated;
        value           uniform (0 0 0);
    }
    back
    {
        type            empty;
    }
    front
    {
        type            empty;
    }
}


// ************************************************************************* //
