/*--------------------------------*- C++ -*----------------------------------*\
  =========                 |
  \\      /  F ield         | OpenFOAM: The Open Source CFD Toolbox
   \\    /   O peration     | Website:  https://openfoam.org
    \\  /    A nd           | Version:  13
     \\/     M anipulation  |
\*---------------------------------------------------------------------------*/
FoamFile
{
    format      ascii;
    class       volScalarField;
    location    "0";
    object      yPlus;
}
// * * * * * * * * * * * * * * * * * * * * * * * * * * * * * * * * * * * * * //

dimensions      [];

internalField   uniform 0;

boundaryField
{
    aerofoil
    {
        type            calculated;
        value           nonuniform List<scalar> 
560
(
81.688576
81.343855
81.007131
80.678271
80.357114
80.043497
79.737253
79.438358
79.146497
78.861665
78.583581
78.312253
78.047349
77.788859
77.536603
77.290528
77.050133
76.815676
76.586993
76.363375
76.14537
75.932585
75.724883
75.521952
75.3236
75.129928
74.940808
74.756217
74.575209
74.398345
74.225752
74.05594
73.890711
73.728607
73.569178
73.413275
73.260179
73.110508
72.96262
72.817797
72.674637
72.535315
72.39666
72.260235
72.12493
71.993687
71.861926
71.732469
71.604004
71.476174
71.351046
71.225256
71.101551
70.977646
70.855164
70.732683
70.61086
70.490267
70.369374
70.248568
70.128053
70.008902
69.888134
69.768433
69.650036
69.530137
69.411906
69.292939
69.175323
69.056829
68.941525
68.823598
68.709312
68.594858
68.482692
68.372166
68.264096
68.155647
68.054499
67.952504
67.85722
67.764869
67.678545
67.596257
67.523675
67.456991
67.395272
67.348845
67.307971
67.283109
67.269243
67.270211
67.28852
67.321359
67.378335
67.453588
67.55088
67.677332
67.829274
68.010374
68.218943
68.461471
68.735309
69.040587
69.382798
69.751452
70.143668
70.56681
70.997251
71.439878
71.871679
72.293594
72.675426
73.010256
73.283566
73.474447
73.579049
73.588004
73.500915
73.322047
83.278845
83.264481
83.249956
83.235332
83.22101
83.206119
83.191713
83.177343
83.162642
83.14827
83.133745
83.119336
83.104788
83.090516
83.075966
83.061808
83.047416
83.033129
83.018555
83.004677
82.99038
82.976064
82.961756
82.947657
82.933705
82.919835
82.905556
82.891508
82.877766
82.863688
82.849882
82.836201
82.822254
82.808606
82.794982
82.781195
82.767595
82.754196
82.740609
82.727105
82.714002
82.700461
82.687368
82.674123
82.660832
82.647873
82.634927
82.621859
82.608824
82.596126
82.583488
82.570737
82.558082
82.545397
82.533016
82.520677
82.508285
82.495941
82.48399
82.471611
82.459764
82.447743
82.435947
82.424039
82.412563
82.400899
82.389374
82.377788
82.36655
82.355351
82.344169
82.333003
82.322159
82.311223
82.30044
82.289696
82.279289
82.268763
82.258285
82.248106
82.237942
82.227945
82.2179
82.208082
82.198416
82.188803
82.179275
82.169791
82.160624
82.151495
82.142376
82.133553
82.124779
82.116077
82.107468
82.099091
82.090846
82.082606
82.074487
82.066762
82.058945
82.051203
82.043778
82.036422
82.029161
82.021992
82.015028
82.008251
82.001561
81.994985
81.988624
81.982276
81.976242
81.970081
81.964462
81.958738
81.953122
81.947813
81.94248
81.93746
81.932496
81.927623
81.922997
81.918517
81.9142
81.909955
81.905869
81.902006
81.898238
81.894683
81.891164
81.887902
81.88474
81.881703
81.87887
81.876102
81.873593
81.871109
81.868871
81.866728
81.864688
81.862837
81.861062
81.859507
81.858034
81.856659
81.855459
81.854339
81.853364
81.852488
81.851736
81.851059
81.850509
81.850046
81.849669
81.849373
81.849147
81.848993
81.848893
81.848851
83.278845
83.264481
83.249956
83.235332
83.22101
83.206119
83.191713
83.177343
83.162642
83.14827
83.133745
83.119336
83.104788
83.090516
83.075966
83.061808
83.047416
83.033129
83.018555
83.004677
82.99038
82.976064
82.961756
82.947657
82.933705
82.919835
82.905556
82.891508
82.877766
82.863688
82.849882
82.836201
82.822254
82.808606
82.794982
82.781195
82.767595
82.754196
82.740609
82.727105
82.714002
82.700461
82.687368
82.674123
82.660832
82.647873
82.634927
82.621859
82.608824
82.596126
82.583488
82.570737
82.558082
82.545397
82.533016
82.520677
82.508285
82.495941
82.48399
82.471611
82.459764
82.447743
82.435947
82.424039
82.412563
82.400899
82.389374
82.377788
82.36655
82.355351
82.344169
82.333003
82.322159
82.311223
82.30044
82.289696
82.279289
82.268763
82.258285
82.248106
82.237942
82.227945
82.2179
82.208082
82.198416
82.188803
82.179275
82.169791
82.160624
82.151495
82.142376
82.133553
82.124779
82.116077
82.107468
82.099091
82.090846
82.082606
82.074487
82.066762
82.058945
82.051203
82.043778
82.036422
82.029161
82.021992
82.015028
82.008251
82.001561
81.994985
81.988624
81.982276
81.976242
81.970081
81.964462
81.958738
81.953122
81.947813
81.94248
81.93746
81.932496
81.927623
81.922997
81.918517
81.9142
81.909955
81.905869
81.902006
81.898238
81.894683
81.891164
81.887902
81.88474
81.881703
81.87887
81.876102
81.873593
81.871109
81.868871
81.866728
81.864688
81.862837
81.861062
81.859507
81.858034
81.856659
81.855459
81.854339
81.853364
81.852488
81.851736
81.851059
81.850509
81.850046
81.849669
81.849373
81.849147
81.848993
81.848893
81.848851
81.688576
81.343855
81.007131
80.678271
80.357114
80.043497
79.737253
79.438358
79.146497
78.861665
78.583581
78.312253
78.047349
77.788859
77.536603
77.290528
77.050133
76.815676
76.586993
76.363375
76.14537
75.932585
75.724883
75.521952
75.3236
75.129928
74.940808
74.756217
74.575209
74.398345
74.225752
74.05594
73.890711
73.728607
73.569178
73.413275
73.260179
73.110508
72.96262
72.817797
72.674637
72.535315
72.39666
72.260235
72.12493
71.993687
71.861926
71.732469
71.604004
71.476174
71.351046
71.225256
71.101551
70.977646
70.855164
70.732683
70.61086
70.490267
70.369374
70.248568
70.128053
70.008902
69.888134
69.768433
69.650036
69.530137
69.411906
69.292939
69.175323
69.056829
68.941525
68.823598
68.709312
68.594858
68.482692
68.372166
68.264096
68.155647
68.054499
67.952504
67.85722
67.764869
67.678545
67.596257
67.523675
67.456991
67.395272
67.348845
67.307971
67.283109
67.269243
67.270211
67.28852
67.321359
67.378335
67.453588
67.55088
67.677332
67.829274
68.010374
68.218943
68.461471
68.735309
69.040587
69.382798
69.751452
70.143668
70.56681
70.997251
71.439878
71.871679
72.293594
72.675426
73.010256
73.283566
73.474447
73.579049
73.588004
73.500915
73.322047
)
;
    }
    inlet
    {
        type            calculated;
        value           uniform 0;
    }
    outlet
    {
        type            calculated;
        value           uniform 0;
    }
    back
    {
        type            empty;
    }
    front
    {
        type            empty;
    }
}


// ************************************************************************* //
